arrow left 0.19333333333333333 0.20666666666666667 0.17333333333333334 0.23666666666666666
arrow left 0.18916666666666668 0.5783333333333334 0.17166666666666666 0.23
arrow right 0.795 0.3983333333333333 0.16 0.24
arrow right 0.7883333333333333 0.7691666666666667 0.15666666666666668 0.22833333333333333
textbox textbox 0.3975 0.21416666666666667 0.25166666666666665 0.06833333333333333
textbox textbox 0.595 0.3975 0.25333333333333335 0.075
textbox textbox 0.395 0.5816666666666667 0.25 0.07
textbox textbox 0.5841666666666666 0.7675 0.25166666666666665 0.06833333333333333
number 0 0.195 0.20916666666666667 0.02 0.028333333333333332
number 1 0.21083333333333334 0.20833333333333334 0.015 0.02666666666666667
number 0 0.7675 0.3958333333333333 0.015 0.021666666666666667
number 2 0.7816666666666666 0.3958333333333333 0.013333333333333334 0.025
number 0 0.19666666666666666 0.5808333333333333 0.016666666666666666 0.021666666666666667
number 3 0.21083333333333334 0.5825 0.015 0.025
number 0 0.7658333333333334 0.7708333333333334 0.015 0.025
number 4 0.78 0.7708333333333334 0.013333333333333334 0.028333333333333332
