icon icon 0.30666666666666664 0.9321860872101502 0.043333333333333335 0.05833454863642992
icon icon 0.2375 0.9345194691556075 0.03833333333333333 0.053667784745515534
icon icon 0.16916666666666666 0.9321860872101502 0.041666666666666664 0.06300131252734432
icon icon 0.10333333333333333 0.9321860872101502 0.03666666666666667 0.05833454863642992
icon icon 0.03833333333333333 0.9345194691556075 0.03333333333333333 0.04900102085460114
icon icon 0.5316666666666666 0.050167711827329736 0.04 0.053667784745515534
icon icon 0.6008333333333333 0.050167711827329736 0.04833333333333333 0.06766807641825871
icon icon 0.67 0.04900102085460114 0.043333333333333335 0.060667930581887124
icon icon 0.7366666666666667 0.050167711827329736 0.043333333333333335 0.06300131252734432
icon icon 0.8016666666666666 0.05133440280005833 0.043333333333333335 0.05600116669097273
arrow right 0.9316666666666666 0.4981770453551116 0.11 0.42700889601866704
number 0 0.06916666666666667 0.33367361820037916 0.021666666666666667 0.037334111127315155
number 1 0.08416666666666667 0.33367361820037916 0.011666666666666667 0.04200087501822955
number 0 0.1275 0.19250401050021876 0.021666666666666667 0.035000729181857954
number 2 0.14666666666666667 0.19250401050021876 0.02 0.03966749307277235
number 0 0.2475 0.12250255213650284 0.021666666666666667 0.044334256963686744
number 3 0.26666666666666666 0.12250255213650284 0.016666666666666666 0.044334256963686744
number 0 0.3575 0.19250401050021876 0.021666666666666667 0.044334256963686744
number 4 0.37666666666666665 0.19133731952749017 0.016666666666666666 0.037334111127315155
number 0 0.42083333333333334 0.3325069272276506 0.021666666666666667 0.03966749307277235
number 5 0.44 0.3325069272276506 0.016666666666666666 0.044334256963686744
number 0 0.33666666666666667 0.6731806912644014 0.02 0.035000729181857954
number 6 0.3575 0.6720140002916728 0.021666666666666667 0.037334111127315155
number 0 0.40166666666666667 0.8143502989645618 0.023333333333333334 0.03266734723640076
number 7 0.4216666666666667 0.8155169899372904 0.02 0.03966749307277235
number 0 0.5116666666666667 0.8866851392737348 0.02 0.037334111127315155
number 8 0.5325 0.8866851392737348 0.021666666666666667 0.037334111127315155
number 0 0.6308333333333334 0.8155169899372904 0.021666666666666667 0.03966749307277235
number 9 0.6525 0.8155169899372904 0.021666666666666667 0.035000729181857954
number 1 0.6883333333333334 0.6731806912644014 0.013333333333333334 0.03966749307277235
number 0 0.7033333333333334 0.6731806912644014 0.016666666666666666 0.044334256963686744
textbox textbox 0.12583333333333332 0.3290068543094648 0.06833333333333333 0.09333527781828788
textbox textbox 0.19083333333333333 0.19367070147294735 0.065 0.09800204170920228
textbox textbox 0.30833333333333335 0.12133586116377425 0.06333333333333334 0.09333527781828788
textbox textbox 0.4175 0.19250401050021876 0.065 0.10033542365465947
textbox textbox 0.4816666666666667 0.33484030917310775 0.06333333333333334 0.09566865976374508
textbox textbox 0.39666666666666667 0.67434738223713 0.06333333333333334 0.09800204170920228
textbox textbox 0.4625 0.8120169170191046 0.065 0.09800204170920228
textbox textbox 0.5716666666666667 0.8855184483010062 0.06333333333333334 0.10033542365465947
textbox textbox 0.6925 0.816683680910019 0.06833333333333333 0.09800204170920228
textbox textbox 0.7491666666666666 0.67434738223713 0.065 0.10266880560011667
