icon icon 0.19333333333333333 0.16273520322340884 0.03 0.05507960724484607
icon icon 0.19416666666666665 0.3317294527246411 0.03166666666666667 0.04756875171145797
icon icon 0.19416666666666665 0.501975511481438 0.03166666666666667 0.0525759887337167
icon icon 0.19416666666666665 0.6722215702382349 0.035 0.05758322575597543
icon icon 0.19583333333333333 0.8399640104839026 0.03833333333333333 0.05758322575597543
icon icon 0.9366666666666666 0.16023158471227947 0.03666666666666667 0.06509408128936353
icon icon 0.935 0.3292258342135117 0.03666666666666667 0.05758322575597543
icon icon 0.9366666666666666 0.49947189297030864 0.03333333333333333 0.0525759887337167
icon icon 0.9341666666666667 0.6697179517271056 0.035 0.0525759887337167
icon icon 0.9358333333333333 0.8399640104839026 0.028333333333333332 0.05758322575597543
textbox textbox 0.8491666666666666 0.1577279662011501 0.12833333333333333 0.1051519774674334
textbox textbox 0.8516666666666667 0.3304776434690764 0.12666666666666668 0.10014474044517467
textbox textbox 0.8525 0.4969682744591793 0.13166666666666665 0.10264835895630403
textbox textbox 0.8516666666666667 0.6672143332159762 0.12666666666666668 0.0976411219340453
textbox textbox 0.8516666666666667 0.8399640104839026 0.12666666666666668 0.10264835895630403
textbox textbox 0.1075 0.16148339396784414 0.13166666666666665 0.10264835895630403
textbox textbox 0.11083333333333334 0.3317294527246411 0.125 0.10264835895630403
textbox textbox 0.10916666666666666 0.49822008371474397 0.125 0.1051519774674334
textbox textbox 0.10666666666666667 0.6697179517271056 0.12666666666666668 0.10264835895630403
textbox textbox 0.1075 0.8362085827172084 0.12833333333333333 0.09513750342291594
number 0 0.255 0.16148339396784414 0.023333333333333334 0.042561514689199234
number 1 0.2775 0.1589797754567148 0.021666666666666667 0.04756875171145797
number 0 0.25333333333333335 0.3304776434690764 0.02 0.04005789617806987
number 2 0.27416666666666667 0.3292258342135117 0.021666666666666667 0.042561514689199234
number 0 0.25333333333333335 0.5007237022258734 0.02 0.04005789617806987
number 3 0.27416666666666667 0.49822008371474397 0.021666666666666667 0.0450651332003286
number 0 0.2525 0.6697179517271056 0.021666666666666667 0.0375542776669405
number 4 0.275 0.6722215702382349 0.023333333333333334 0.042561514689199234
number 0 0.25333333333333335 0.8412158197394672 0.023333333333333334 0.04005789617806987
number 5 0.275 0.8424676289950319 0.016666666666666666 0.042561514689199234
number 0 0.7258333333333333 0.16023158471227947 0.021666666666666667 0.03505065915581113
number 6 0.7475 0.16023158471227947 0.021666666666666667 0.04005789617806987
number 0 0.7266666666666667 0.3304776434690764 0.023333333333333334 0.04005789617806987
number 7 0.7475 0.3304776434690764 0.021666666666666667 0.0450651332003286
number 0 0.7266666666666667 0.49947189297030864 0.02 0.0375542776669405
number 8 0.7475 0.49822008371474397 0.021666666666666667 0.04005789617806987
number 0 0.7266666666666667 0.6684661424715409 0.02 0.04005789617806987
number 9 0.7475 0.6672143332159762 0.021666666666666667 0.0375542776669405
number 1 0.725 0.8437194382505966 0.016666666666666666 0.0450651332003286
number 0 0.745 0.8412158197394672 0.02 0.0450651332003286
