textbox textbox 0.7566666666666667 0.16023158471227947 0.12666666666666668 0.10014474044517467
textbox textbox 0.8366666666666667 0.3229667879356883 0.12666666666666668 0.1051519774674334
textbox textbox 0.8825 0.49196103743692055 0.12833333333333333 0.0976411219340453
textbox textbox 0.8383333333333334 0.6622070961937175 0.13 0.10765559597856277
textbox textbox 0.7575 0.8312013456949497 0.125 0.10014474044517467
textbox textbox 0.25333333333333335 0.16023158471227947 0.12333333333333334 0.10014474044517467
textbox textbox 0.1725 0.3254704064468177 0.125 0.10014474044517467
textbox textbox 0.12583333333333332 0.4932128466924852 0.125 0.09513750342291594
textbox textbox 0.17083333333333334 0.6609552869381528 0.125 0.10014474044517467
textbox textbox 0.25166666666666665 0.8286977271838204 0.12666666666666668 0.09513750342291594
number 0 0.37166666666666665 0.15522434769002072 0.02666666666666667 0.05507960724484607
number 1 0.39166666666666666 0.15272072917889137 0.016666666666666666 0.05507960724484607
number 0 0.2875 0.3254704064468177 0.028333333333333332 0.06509408128936353
number 2 0.31333333333333335 0.31921136016899426 0.02666666666666667 0.06259046277823417
number 0 0.24333333333333335 0.4944646559480499 0.03 0.05758322575597543
number 3 0.2683333333333333 0.4969682744591793 0.02666666666666667 0.05758322575597543
number 0 0.28583333333333333 0.6609552869381528 0.03166666666666667 0.05507960724484607
number 4 0.315 0.6622070961937175 0.02666666666666667 0.06259046277823417
number 0 0.36583333333333334 0.826194108672691 0.028333333333333332 0.050072370222587335
number 5 0.39166666666666666 0.8274459179282557 0.023333333333333334 0.05758322575597543
number 1 0.605 0.15522434769002072 0.013333333333333334 0.0450651332003286
number 0 0.625 0.15647615694558542 0.03 0.0525759887337167
number 0 0.6858333333333333 0.32672221570238236 0.028333333333333332 0.04756875171145797
number 9 0.715 0.3229667879356883 0.03 0.050072370222587335
number 0 0.73 0.4957164652036146 0.03333333333333333 0.05507960724484607
number 8 0.7583333333333333 0.4932128466924852 0.02666666666666667 0.05507960724484607
number 0 0.6866666666666666 0.6609552869381528 0.03 0.0600868442671048
number 7 0.7133333333333334 0.6609552869381528 0.03 0.0600868442671048
number 0 0.605 0.8286977271838204 0.03 0.05507960724484607
number 6 0.6333333333333333 0.826194108672691 0.02666666666666667 0.0600868442671048
icon icon 0.8325 0.9588858897625474 0.045 0.0600868442671048
icon icon 0.7575 0.9576340805069827 0.045 0.0675976998004929
icon icon 0.6875 0.9626413175292415 0.04833333333333333 0.06259046277823417
icon icon 0.6125 0.9576340805069827 0.03833333333333333 0.0525759887337167
icon icon 0.5383333333333333 0.9601376990181121 0.04 0.05758322575597543
icon icon 0.4625 0.9576340805069827 0.03833333333333333 0.06259046277823417
icon icon 0.38916666666666666 0.9588858897625474 0.03833333333333333 0.0600868442671048
icon icon 0.31416666666666665 0.9588858897625474 0.03833333333333333 0.06509408128936353
icon icon 0.2425 0.9576340805069827 0.041666666666666664 0.05758322575597543
icon icon 0.1675 0.9588858897625474 0.035 0.06509408128936353
icon icon 0.4975 0.474435707859015 0.085 0.0826194108672691
