number 0 0.82 0.39416666666666667 0.03333333333333333 0.03833333333333333
number 0 0.8191666666666667 0.6083333333333333 0.035 0.03666666666666667
number 0 0.6941666666666667 0.21666666666666667 0.028333333333333332 0.043333333333333335
number 0 0.495 0.1475 0.03 0.03833333333333333
number 0 0.30083333333333334 0.2175 0.028333333333333332 0.03833333333333333
number 0 0.15166666666666667 0.3908333333333333 0.03 0.041666666666666664
number 0 0.15166666666666667 0.6066666666666667 0.03666666666666667 0.03666666666666667
number 0 0.2775 0.7825 0.035 0.03833333333333333
number 0 0.4816666666666667 0.8491666666666666 0.03333333333333333 0.035
number 0 0.6916666666666667 0.7825 0.02666666666666667 0.041666666666666664
number 1 0.5158333333333334 0.15 0.015 0.04
number 2 0.72 0.21666666666666667 0.02666666666666667 0.043333333333333335
number 3 0.8491666666666666 0.3925 0.028333333333333332 0.041666666666666664
number 4 0.8516666666666667 0.6091666666666666 0.03 0.03833333333333333
number 5 0.72 0.7833333333333333 0.03333333333333333 0.04
number 6 0.515 0.8491666666666666 0.03333333333333333 0.03833333333333333
number 7 0.31083333333333335 0.7825 0.03166666666666667 0.041666666666666664
number 8 0.18416666666666667 0.6083333333333333 0.028333333333333332 0.04
number 9 0.18 0.39166666666666666 0.03 0.043333333333333335
number 1 0.2791666666666667 0.22 0.018333333333333333 0.04
textbox textbox 0.3775 0.2758333333333333 0.10833333333333334 0.12166666666666667
textbox textbox 0.5441666666666667 0.23583333333333334 0.11166666666666666 0.115
textbox textbox 0.6991666666666667 0.31416666666666665 0.11166666666666666 0.11166666666666666
textbox textbox 0.75 0.4575 0.11333333333333333 0.11166666666666666
textbox textbox 0.7333333333333333 0.6183333333333333 0.11666666666666667 0.11666666666666667
textbox textbox 0.6125 0.7358333333333333 0.11166666666666666 0.11833333333333333
textbox textbox 0.4683333333333333 0.7583333333333333 0.11333333333333333 0.11333333333333333
textbox textbox 0.31833333333333336 0.6966666666666667 0.11 0.11333333333333333
textbox textbox 0.255 0.5441666666666667 0.11333333333333333 0.115
textbox textbox 0.2725 0.3908333333333333 0.11166666666666666 0.115
icon icon 0.5008333333333334 0.47 0.12166666666666667 0.09666666666666666
