number 1 0.12833333333333333 0.3556774672838448 0.043333333333333335 0.08229041659523402
number 2 0.25333333333333335 0.6089490828047317 0.07333333333333333 0.10606320361163495
number 3 0.465 0.30996056917538145 0.07666666666666666 0.12252128693068175
number 4 0.6216666666666667 0.6903251614377964 0.09666666666666666 0.12983599062803589
textbox textbox 0.21666666666666667 0.39316532373278473 0.06333333333333334 0.0768043888222184
textbox textbox 0.35333333333333333 0.4992285273444197 0.08666666666666667 0.08777644436824962
textbox textbox 0.6083333333333333 0.352934453397337 0.10666666666666667 0.10972055546031202
textbox textbox 0.8058333333333333 0.5348877078690211 0.13166666666666665 0.13349334247671296
icon icon 0.1525 0.4544259671981256 0.08166666666666667 0.06400365735184868
icon icon 0.3491666666666667 0.5979770272587005 0.06833333333333333 0.09509114806560374
icon icon 0.6066666666666667 0.46356934681981826 0.09 0.10423452768729642
icon icon 0.8066666666666666 0.6665523744213955 0.14 0.11154923138465055
