icon icon 0.21333333333333335 0.31666666666666665 0.07 0.06
icon icon 0.40166666666666667 0.32 0.07666666666666666 0.07333333333333333
icon icon 0.5958333333333333 0.31833333333333336 0.055 0.08
icon icon 0.79 0.31083333333333335 0.07 0.075
title title 0.49583333333333335 0.10833333333333334 0.19833333333333333 0.10333333333333333
number 0 0.1975 0.5675 0.03833333333333333 0.075
number 1 0.235 0.5691666666666667 0.03 0.08166666666666667
number 0 0.3858333333333333 0.5675 0.041666666666666664 0.075
number 2 0.4225 0.5675 0.03166666666666667 0.075
number 0 0.5791666666666667 0.5666666666666667 0.03833333333333333 0.07333333333333333
number 3 0.6108333333333333 0.5691666666666667 0.03166666666666667 0.075
number 0 0.7683333333333333 0.5666666666666667 0.03666666666666667 0.07666666666666666
number 4 0.805 0.5675 0.03666666666666667 0.075
textbox textbox 0.21166666666666667 0.72 0.11 0.13666666666666666
textbox textbox 0.4116666666666667 0.72 0.11666666666666667 0.13333333333333333
textbox textbox 0.5983333333333334 0.7216666666666667 0.11 0.13666666666666666
textbox textbox 0.79 0.7241666666666666 0.11 0.13833333333333334
