title title 0.49916666666666665 0.23648960739030023 0.46166666666666667 0.04729792147806005
number 1 0.22416666666666665 0.3744418783679754 0.04833333333333333 0.07094688221709007
number 2 0.4075 0.3773979984603541 0.06166666666666667 0.06503464203233256
number 3 0.5916666666666667 0.37641262509622786 0.06 0.07094688221709007
number 4 0.775 0.3754272517321016 0.056666666666666664 0.07291762894534257
textbox textbox 0.2275 0.5636335642802156 0.10166666666666667 0.13401077752117013
textbox textbox 0.4091666666666667 0.5665896843725943 0.10166666666666667 0.13992301770592763
textbox textbox 0.5958333333333333 0.5636335642802156 0.11166666666666666 0.14189376443418014
textbox textbox 0.7775 0.5646189376443418 0.10833333333333334 0.14386451116243265
icon icon 0.2275 0.6877906081601232 0.04833333333333333 0.04729792147806005
icon icon 0.5925 0.6897613548883756 0.045 0.05912240184757506
icon icon 0.775 0.6897613548883756 0.043333333333333335 0.06306389530408006
