textbox textbox 0.6083333333333333 0.205 0.34 0.10333333333333333
textbox textbox 0.6091666666666666 0.4091666666666667 0.3416666666666667 0.105
textbox textbox 0.6083333333333333 0.6133333333333333 0.34 0.10333333333333333
textbox textbox 0.6075 0.8183333333333334 0.335 0.11
icon icon 0.35333333333333333 0.205 0.07 0.07
icon icon 0.355 0.4091666666666667 0.06 0.08166666666666667
icon icon 0.3525 0.6108333333333333 0.08166666666666667 0.055
icon icon 0.3525 0.8191666666666667 0.065 0.07166666666666667
number 0 0.24416666666666667 0.225 0.035 0.06
number 1 0.2733333333333333 0.22166666666666668 0.03 0.06
number 0 0.24583333333333332 0.42916666666666664 0.028333333333333332 0.058333333333333334
number 2 0.2758333333333333 0.42916666666666664 0.03833333333333333 0.055
number 0 0.24416666666666667 0.6325 0.03166666666666667 0.051666666666666666
number 3 0.2758333333333333 0.635 0.035 0.05333333333333334
number 0 0.2425 0.8383333333333334 0.035 0.056666666666666664
number 4 0.2775 0.8375 0.035 0.055
