textbox textbox 0.5291666666666667 0.20833333333333334 0.325 0.1
textbox textbox 0.5283333333333333 0.4033333333333333 0.3233333333333333 0.1
textbox textbox 0.5275 0.5975 0.31833333333333336 0.095
textbox textbox 0.5283333333333333 0.7908333333333334 0.3233333333333333 0.095
icon icon 0.78 0.20666666666666667 0.07666666666666666 0.07666666666666666
icon icon 0.7783333333333333 0.40166666666666667 0.06333333333333334 0.08666666666666667
icon icon 0.7783333333333333 0.5958333333333333 0.10333333333333333 0.065
icon icon 0.775 0.7883333333333333 0.08 0.09333333333333334
number 1 0.22833333333333333 0.22 0.03 0.05
number 0 0.19666666666666666 0.22166666666666668 0.03333333333333333 0.056666666666666664
number 0 0.195 0.415 0.03 0.05333333333333334
number 2 0.2275 0.4166666666666667 0.035 0.05
number 0 0.19583333333333333 0.6116666666666667 0.03166666666666667 0.05333333333333334
number 3 0.22833333333333333 0.6116666666666667 0.03333333333333333 0.05333333333333334
number 0 0.195 0.8058333333333333 0.03 0.051666666666666666
number 4 0.22916666666666666 0.8058333333333333 0.03833333333333333 0.051666666666666666
