number 0 0.3475 0.19333333333333333 0.058333333333333334 0.06333333333333334
number 1 0.39 0.1925 0.03 0.06833333333333333
number 0 0.6158333333333333 0.1925 0.058333333333333334 0.06833333333333333
number 2 0.6708333333333333 0.1925 0.055 0.065
number 0 0.3283333333333333 0.8083333333333333 0.056666666666666664 0.06
number 4 0.3883333333333333 0.8083333333333333 0.06333333333333334 0.06
number 0 0.6166666666666667 0.8075 0.06333333333333334 0.06166666666666667
number 3 0.6725 0.8083333333333333 0.051666666666666666 0.06333333333333334
icon icon 0.365 0.36666666666666664 0.07333333333333333 0.07
icon icon 0.6341666666666667 0.3641666666666667 0.07166666666666667 0.07166666666666667
icon icon 0.635 0.635 0.07333333333333333 0.07
icon icon 0.3641666666666667 0.635 0.07166666666666667 0.07
icon icon 0.4925 0.4475 0.10833333333333334 0.17166666666666666
textbox textbox 0.79 0.31166666666666665 0.15666666666666668 0.15666666666666668
textbox textbox 0.21 0.3125 0.15333333333333332 0.155
textbox textbox 0.7866666666666666 0.6841666666666667 0.15 0.155
textbox textbox 0.20916666666666667 0.6883333333333334 0.15166666666666667 0.15333333333333332
