textbox textbox 0.51 0.20666666666666667 0.21333333333333335 0.05
textbox textbox 0.5166666666666667 0.4083333333333333 0.21333333333333335 0.05333333333333334
textbox textbox 0.515 0.6083333333333333 0.21333333333333335 0.05
textbox textbox 0.5175 0.8058333333333333 0.21833333333333332 0.051666666666666666
icon icon 0.6683333333333333 0.2075 0.07666666666666666 0.07833333333333334
icon icon 0.6658333333333334 0.4041666666666667 0.065 0.08833333333333333
icon icon 0.6683333333333333 0.6058333333333333 0.09 0.065
icon icon 0.6683333333333333 0.8058333333333333 0.08 0.07833333333333334
number 0 0.335 0.19916666666666666 0.03666666666666667 0.045
number 1 0.3641666666666667 0.19916666666666666 0.028333333333333332 0.051666666666666666
number 0 0.3308333333333333 0.39916666666666667 0.035 0.04833333333333333
number 2 0.36666666666666664 0.4008333333333333 0.04 0.04833333333333333
number 0 0.3333333333333333 0.5983333333333334 0.03666666666666667 0.05
number 3 0.36833333333333335 0.6008333333333333 0.03333333333333333 0.04833333333333333
number 0 0.33166666666666667 0.7983333333333333 0.03333333333333333 0.04666666666666667
number 4 0.36666666666666664 0.7991666666666667 0.03333333333333333 0.04833333333333333
