textbox textbox 0.6941666666666667 0.165 0.195 0.09666666666666666
textbox textbox 0.6966666666666667 0.5025 0.19666666666666666 0.10166666666666667
textbox textbox 0.6941666666666667 0.84 0.19166666666666668 0.10333333333333333
number 0 0.4225 0.16083333333333333 0.041666666666666664 0.051666666666666666
number 1 0.45416666666666666 0.16 0.025 0.05333333333333334
number 0 0.5491666666666667 0.3333333333333333 0.045 0.056666666666666664
number 2 0.5933333333333334 0.3308333333333333 0.043333333333333335 0.055
number 0 0.4116666666666667 0.49916666666666665 0.043333333333333335 0.04833333333333333
number 3 0.4525 0.49833333333333335 0.045 0.05333333333333334
number 0 0.5458333333333333 0.6683333333333333 0.045 0.05
number 4 0.5916666666666667 0.6708333333333333 0.043333333333333335 0.04833333333333333
number 0 0.41083333333333333 0.84 0.045 0.05
number 5 0.455 0.8391666666666666 0.04 0.051666666666666666
icon icon 0.8516666666666667 0.16666666666666666 0.043333333333333335 0.06
icon icon 0.8525 0.5041666666666667 0.051666666666666666 0.04833333333333333
icon icon 0.8541666666666666 0.8441666666666666 0.051666666666666666 0.058333333333333334
icon icon 0.4033333333333333 0.3333333333333333 0.06333333333333334 0.05
icon icon 0.4033333333333333 0.6741666666666667 0.056666666666666664 0.051666666666666666
textbox textbox 0.24666666666666667 0.335 0.19666666666666666 0.11
textbox textbox 0.24666666666666667 0.6716666666666666 0.19666666666666666 0.1
