number 1 0.18666666666666668 0.47040980020417095 0.056666666666666664 0.14933644450926062
number 2 0.3458333333333333 0.47414321131690246 0.065 0.1456030333965291
number 3 0.4975 0.4722765057605367 0.058333333333333334 0.1456030333965291
number 4 0.6516666666666666 0.4722765057605367 0.07 0.14186962228379757
number 5 0.8075 0.47040980020417095 0.06166666666666667 0.14186962228379757
textbox textbox 0.6158333333333333 0.3033396529094356 0.3983333333333333 0.08026833892372758
icon icon 0.255 0.2688056001166691 0.17666666666666667 0.16053667784745515
icon icon 0.1975 0.747615575324486 0.09166666666666666 0.08026833892372758
icon icon 0.3408333333333333 0.7457488697681202 0.075 0.07653492781099606
icon icon 0.5025 0.7438821642117545 0.08166666666666667 0.08026833892372758
icon icon 0.6508333333333334 0.7504156336590345 0.07833333333333334 0.07093481114189878
icon icon 0.8058333333333333 0.7504156336590345 0.06166666666666667 0.08960186670555637
textbox textbox 0.19583333333333333 0.6552136502843809 0.08833333333333333 0.07840163336736182
textbox textbox 0.345 0.6533469447280151 0.09 0.07466822225463031
textbox textbox 0.5033333333333333 0.6542802975061981 0.09 0.08026833892372758
textbox textbox 0.6508333333333334 0.6524135919498323 0.095 0.0840017500364591
textbox textbox 0.8066666666666666 0.6496135336152836 0.09 0.07840163336736182
