number 0 0.49333333333333335 0.30583333333333335 0.03333333333333333 0.03833333333333333
number 1 0.5166666666666667 0.30583333333333335 0.02 0.045
number 0 0.6716666666666666 0.44083333333333335 0.03 0.041666666666666664
number 2 0.7025 0.43916666666666665 0.03166666666666667 0.041666666666666664
number 0 0.6 0.6575 0.03 0.041666666666666664
number 3 0.6308333333333334 0.6583333333333333 0.03166666666666667 0.03666666666666667
number 0 0.3675 0.6583333333333333 0.035 0.04
number 4 0.4033333333333333 0.6591666666666667 0.03666666666666667 0.03833333333333333
number 0 0.2991666666666667 0.44083333333333335 0.03166666666666667 0.045
number 5 0.32916666666666666 0.44 0.03166666666666667 0.043333333333333335
icon icon 0.46 0.1525 0.043333333333333335 0.045
icon icon 0.7925 0.3933333333333333 0.045 0.03666666666666667
icon icon 0.6675 0.7841666666666667 0.041666666666666664 0.045
icon icon 0.25583333333333336 0.7833333333333333 0.035 0.04
icon icon 0.1275 0.39166666666666666 0.04833333333333333 0.05
textbox textbox 0.19166666666666668 0.39166666666666666 0.08 0.08666666666666667
textbox textbox 0.5233333333333333 0.14916666666666667 0.08 0.08166666666666667
textbox textbox 0.8575 0.3925 0.08166666666666667 0.085
textbox textbox 0.7291666666666666 0.7833333333333333 0.075 0.08333333333333333
textbox textbox 0.3175 0.7816666666666666 0.07833333333333334 0.08
