number 0 0.2625 0.11083333333333334 0.04833333333333333 0.058333333333333334
number 1 0.3 0.10833333333333334 0.03 0.056666666666666664
number 0 0.25083333333333335 0.3025 0.045 0.055
number 2 0.2991666666666667 0.30416666666666664 0.04833333333333333 0.058333333333333334
number 0 0.25083333333333335 0.49833333333333335 0.04833333333333333 0.056666666666666664
number 3 0.2975 0.4975 0.045 0.055
number 0 0.2475 0.6933333333333334 0.051666666666666666 0.056666666666666664
number 4 0.29583333333333334 0.6916666666666667 0.045 0.05333333333333334
number 0 0.25 0.8866666666666667 0.04666666666666667 0.056666666666666664
number 5 0.2966666666666667 0.8891666666666667 0.04666666666666667 0.058333333333333334
textbox textbox 0.6275 0.10916666666666666 0.21166666666666667 0.11166666666666666
textbox textbox 0.6266666666666667 0.30333333333333334 0.21333333333333335 0.11666666666666667
textbox textbox 0.6266666666666667 0.49833333333333335 0.21 0.11333333333333333
textbox textbox 0.625 0.69 0.21333333333333335 0.10666666666666667
textbox textbox 0.6241666666666666 0.885 0.21166666666666667 0.11
icon icon 0.7775 0.11 0.065 0.056666666666666664
icon icon 0.775 0.30416666666666664 0.056666666666666664 0.04833333333333333
icon icon 0.7725 0.49666666666666665 0.041666666666666664 0.05333333333333334
icon icon 0.775 0.6941666666666667 0.056666666666666664 0.04833333333333333
icon icon 0.775 0.8916666666666667 0.04666666666666667 0.05333333333333334
