number 0 0.5658333333333333 0.1625 0.03833333333333333 0.045
number 1 0.5941666666666666 0.16166666666666665 0.021666666666666667 0.04666666666666667
number 0 0.8158333333333333 0.31416666666666665 0.03833333333333333 0.041666666666666664
number 2 0.8508333333333333 0.31416666666666665 0.035 0.045
number 0 0.8158333333333333 0.6125 0.03833333333333333 0.045
number 3 0.8516666666666667 0.6116666666666667 0.03333333333333333 0.04666666666666667
textbox textbox 0.44416666666666665 0.20416666666666666 0.16833333333333333 0.08166666666666667
textbox textbox 0.7041666666666667 0.3591666666666667 0.165 0.09833333333333333
textbox textbox 0.7041666666666667 0.6583333333333333 0.16166666666666665 0.09
textbox textbox 0.445 0.8025 0.16333333333333333 0.085
textbox textbox 0.18333333333333332 0.6566666666666666 0.16666666666666666 0.08666666666666667
icon icon 0.44416666666666665 0.2775 0.051666666666666666 0.04833333333333333
icon icon 0.7041666666666667 0.43166666666666664 0.045 0.03333333333333333
icon icon 0.7058333333333333 0.73 0.041666666666666664 0.043333333333333335
icon icon 0.185 0.7325 0.05 0.045
icon icon 0.44333333333333336 0.8808333333333334 0.043333333333333335 0.045
number 0 0.5541666666666667 0.7633333333333333 0.041666666666666664 0.043333333333333335
number 4 0.5925 0.7616666666666667 0.03833333333333333 0.043333333333333335
number 0 0.295 0.6133333333333333 0.03666666666666667 0.04666666666666667
number 5 0.3325 0.615 0.03833333333333333 0.04666666666666667
